evaluation instances,classified instances,classifications correct (percent),Kappa Statistic (percent),Kappa Temporal Statistic (percent)
1000.0,1000.0,82.1,64.34120881310011,65.10721247563353
2000.0,2000.0,81.2,62.40000000000001,62.17303822937627
3000.0,3000.0,81.5,63.05271146497662,63.17186463171864
4000.0,4000.0,81.2,62.40000000000001,62.17303822937627
5000.0,5000.0,81.38,62.7923260271476,62.7748900439824
6000.0,6000.0,81.2,62.40000000000001,62.17303822937627
7000.0,7000.0,81.32857142857142,62.68044853622023,62.603719599427755
evaluation instances,classified instances,classifications correct (percent),Kappa Statistic (percent),Kappa Temporal Statistic (percent)
1000.0,1000.0,82.1,64.34120881310011,65.10721247563353
2000.0,2000.0,81.2,62.40000000000001,62.17303822937627
3000.0,3000.0,81.5,63.05271146497662,63.17186463171864
4000.0,4000.0,81.2,62.40000000000001,62.17303822937627
5000.0,5000.0,81.38,62.7923260271476,62.7748900439824
6000.0,6000.0,81.2,62.40000000000001,62.17303822937627
7000.0,7000.0,81.32857142857142,62.68044853622023,62.603719599427755
